3
7 20
2 7 0 16
6 3 0 19
4 7 0 3
4 7 0 19
5 1 0 18
7 1 0 12
4 6 18 11
7 4 6 17
5 1 6 16
3 1 5 18
3 2 11 11
1 3 11 2
3 2 3 6
2 6 12 2
7 6 16 12
7 3 8 16
1 7 6 5
4 7 7 8
6 4 2 2
6 5 13 13
7 20
1 5 0 4
3 4 0 9
1 3 0 8
3 7 0 0
7 1 0 18
2 4 0 17
5 6 5 16
2 4 8 7
2 3 18 4
5 1 18 3
5 6 7 11
1 4 15 8
5 4 0 12
6 1 19 3
3 1 0 6
3 4 0 13
2 7 14 9
1 7 19 19
5 1 13 13
6 3 14 14
7 20
2 4 0 10
7 1 0 11
6 3 0 13
1 3 0 3
3 4 0 19
6 2 0 4
1 6 18 11
6 7 4 19
7 5 14 15
2 1 15 11
2 5 16 14
3 5 11 10
4 3 8 15
7 2 7 15
7 2 7 10
7 2 17 2
7 3 17 5
2 5 7 15
5 6 11 12
5 6 11 3
