1000
15 24
81 94
61 69
26 88
49 84
75 95
41 51
65 88
71 73
19 63
12 37
25 37
28 49
26 43
34 35
52 54
42 83
25 94
50 98
54 78
4 40
5 59
4 30
12 58
24 94
39 69
20 62
16 79
38 44
24 42
19 68
26 94
72 96
10 43
67 76
10 82
29 89
14 85
53 59
95 100
19 88
22 84
52 71
23 40
12 96
80 99
82 100
22 85
48 52
26 51
16 91
7 20
36 75
30 85
27 84
69 79
26 85
50 60
53 96
29 61
24 58
1 88
91 99
69 100
83 99
50 75
42 80
58 93
23 47
3 94
20 34
25 62
64 84
70 94
66 88
67 74
1 76
41 44
33 75
26 64
17 18
32 87
16 22
80 98
56 86
35 36
51 67
6 48
50 90
55 67
41 63
2 53
26 77
4 32
1 63
62 72
65 73
2 45
63 100
45 94
15 47
51 57
19 23
3 93
43 52
1 49
39 44
67 86
21 75
38 72
1 40
2 69
23 77
21 94
28 68
12 96
35 60
65 92
53 70
19 22
19 65
43 48
65 73
64 99
33 82
14 21
72 82
41 73
7 81
3 35
80 85
47 90
26 41
31 77
18 37
50 76
34 41
1 97
12 34
18 73
18 67
22 46
1 73
67 90
12 54
29 44
91 99
91 98
16 81
17 47
70 90
42 57
35 89
27 71
46 96
57 61
14 70
55 100
31 73
59 76
8 47
19 45
6 73
65 91
1 52
50 54
99 100
75 84
9 19
17 50
35 80
63 98
27 87
25 86
41 83
51 88
20 22
2 74
5 94
86 89
24 83
6 43
57 63
15 78
64 92
46 95
21 56
11 25
49 50
15 81
10 99
27 32
60 65
23 69
5 85
23 84
72 73
41 82
28 96
4 36
51 54
22 42
24 85
20 78
45 73
15 52
71 81
76 81
32 75
92 99
57 91
94 100
10 58
45 63
82 93
5 13
25 33
84 86
59 74
37 48
7 75
93 94
43 67
38 83
34 85
62 70
66 82
49 98
15 17
6 56
18 39
37 72
11 74
97 98
30 53
12 30
14 72
78 87
54 74
53 82
40 61
23 44
44 48
64 77
42 67
14 56
49 89
59 79
8 93
4 13
20 32
28 54
9 38
84 90
3 29
33 54
35 79
36 86
13 82
23 69
16 42
13 47
11 26
44 81
63 82
35 39
32 83
16 39
25 41
13 74
47 56
8 62
65 76
74 80
72 84
55 95
12 77
13 44
10 90
72 90
64 78
22 54
27 75
11 62
8 52
1 19
8 65
16 89
35 79
74 88
35 97
1 65
67 98
1 11
13 34
43 75
44 58
61 67
39 88
18 55
54 74
7 98
25 64
33 64
37 54
32 63
59 64
25 100
40 64
23 38
52 61
18 68
27 93
40 47
4 69
37 67
81 88
21 72
65 85
93 96
39 59
9 55
78 87
42 64
16 63
69 88
51 55
50 69
10 74
26 82
2 52
21 36
5 94
19 28
5 19
44 48
5 21
42 88
3 6
65 84
44 56
52 96
83 84
65 96
8 37
20 32
25 58
87 91
18 33
41 84
10 69
90 100
26 73
42 59
57 64
12 46
35 67
21 44
4 39
42 51
51 82
55 60
22 82
7 66
30 96
23 83
6 58
42 47
4 48
4 44
21 96
9 94
8 28
20 40
55 99
31 53
2 15
5 62
29 56
12 21
69 73
53 88
61 90
30 84
38 77
83 99
40 52
3 88
54 65
12 82
7 63
69 89
57 94
11 68
50 86
11 58
16 49
47 88
28 87
28 64
61 81
29 48
4 56
60 77
30 36
29 91
4 69
28 76
70 86
6 44
19 43
38 65
83 85
1 82
82 84
12 50
45 62
8 22
25 58
4 17
28 41
7 23
18 60
65 83
68 91
13 81
14 17
39 66
39 89
15 20
56 96
51 52
38 77
26 29
26 75
37 61
18 19
19 41
17 50
3 35
28 85
39 80
9 32
79 98
1 99
22 27
5 78
39 98
6 66
66 81
79 97
20 49
3 35
49 70
4 41
22 46
41 59
3 36
5 20
16 38
63 69
54 70
28 37
29 99
9 63
18 89
28 78
2 42
6 92
19 81
12 71
18 93
30 37
70 76
11 65
89 96
24 41
36 69
9 84
29 59
21 65
68 84
8 42
2 24
67 83
19 32
19 44
4 26
55 88
21 31
51 79
13 59
73 76
73 99
24 61
4 82
60 81
57 84
69 80
22 31
6 95
7 87
83 93
56 95
48 78
5 28
65 85
54 77
18 45
2 25
13 24
47 96
35 98
35 88
27 41
79 89
45 82
21 90
47 95
19 39
8 56
16 84
14 80
11 79
25 86
85 89
19 55
62 74
22 37
4 81
45 80
6 22
57 72
77 86
41 95
29 35
45 92
60 61
22 54
67 98
34 67
33 72
70 81
45 46
72 100
9 63
67 77
33 98
33 77
78 98
47 100
55 98
18 63
37 99
50 68
4 79
3 69
27 51
32 75
12 27
12 79
37 39
39 78
26 44
25 69
52 67
30 52
54 65
90 91
47 82
76 84
58 64
25 40
33 84
9 99
66 68
15 44
86 97
43 47
73 85
12 34
18 63
22 70
27 29
10 89
13 69
67 94
67 83
34 65
34 75
29 44
26 28
25 100
20 80
44 85
49 92
14 58
15 98
61 66
8 22
4 39
52 92
21 98
16 32
84 98
39 48
42 48
65 99
46 92
60 89
41 47
20 46
33 67
58 81
6 59
34 42
61 68
44 57
16 93
30 65
9 59
15 46
4 35
89 92
7 13
3 51
23 39
22 49
35 67
89 90
21 70
48 54
8 88
33 46
3 49
35 65
2 72
30 83
46 94
52 83
36 50
55 66
13 19
13 15
79 87
60 93
17 65
16 51
10 69
2 60
11 27
8 52
54 83
26 46
47 57
59 95
6 59
52 92
33 41
37 54
13 55
10 85
1 27
28 82
14 28
15 75
3 28
3 88
45 57
8 13
21 24
20 83
45 49
14 56
10 22
51 86
74 77
76 95
46 49
63 70
36 88
1 14
6 56
42 86
67 77
39 87
54 87
14 93
19 89
50 76
74 80
25 34
2 91
13 74
26 51
29 54
12 48
50 62
14 45
2 23
5 72
25 87
7 34
23 83
27 54
38 94
24 99
26 77
18 58
38 70
21 58
68 91
9 16
20 87
16 76
30 91
23 96
37 47
34 95
3 57
36 83
34 90
30 95
54 80
13 73
31 50
66 99
24 59
26 34
3 76
13 17
15 57
59 60
4 60
20 73
28 88
40 59
31 56
50 96
12 24
10 59
50 90
31 44
72 85
13 97
45 78
27 84
61 92
45 52
21 41
20 68
44 61
47 86
6 90
10 65
32 45
75 90
43 50
5 97
16 77
36 100
57 64
21 44
9 74
13 67
60 62
12 96
11 21
15 80
60 71
33 73
15 40
2 13
3 44
82 90
52 77
28 100
3 79
26 90
31 90
44 85
23 97
12 56
3 36
52 81
52 62
19 32
26 96
36 51
6 92
84 95
63 72
53 66
12 56
72 98
29 62
18 100
16 59
39 77
46 96
16 84
15 56
25 51
60 85
65 78
84 93
12 82
46 95
17 73
31 32
17 34
52 100
11 19
56 98
19 64
3 81
11 49
41 57
10 30
29 32
3 95
1 72
1 89
26 37
17 90
12 56
4 23
14 38
30 98
22 51
4 13
47 92
52 90
6 41
44 60
81 95
4 66
22 77
69 93
37 71
8 64
7 81
19 67
31 94
38 56
6 90
36 94
63 98
32 36
21 62
40 74
28 92
25 65
61 75
59 85
53 81
70 76
77 100
26 41
6 66
50 92
46 49
68 82
46 99
25 82
30 47
76 95
16 50
3 74
9 96
46 80
14 56
44 98
27 94
21 46
37 93
3 27
24 86
61 96
38 47
29 53
75 90
44 50
55 59
6 89
1 28
19 94
84 93
5 89
72 73
41 54
31 70
7 60
31 50
34 52
23 57
81 86
13 79
89 100
56 84
5 65
44 90
47 53
22 66
2 50
6 67
69 80
63 98
40 80
30 85
5 49
72 89
44 81
46 54
11 32
91 93
44 98
47 67
71 91
4 98
44 73
72 97
1 77
63 89
40 63
66 96
98 99
24 72
74 93
72 97
4 63
52 69
59 77
36 63
38 92
36 86
24 88
37 88
8 73
6 47
67 87
46 50
85 90
69 88
20 70
3 41
11 43
63 70
44 49
69 82
28 93
43 76
9 71
57 87
42 74
79 96
1 22
42 60
36 88
3 76
29 49
7 36
1 47
11 55
2 47
10 60
13 55
17 18
56 88
33 91
23 95
63 73
73 80
57 74
7 69
86 89
9 26
8 75
26 91
19 72
3 72
18 91
52 71
37 55
49 58
66 77
5 81
13 55
47 76
27 83
24 90
28 52
38 61
5 49
22 40
73 77
77 80
3 17
4 54
47 86
